    2.122579     2.405923     1.679529     0.646717     8.756253    -0.175545    -0.283868     4.259350    -0.665537
    2.405923     2.999689     1.939427     0.735672    10.805206    -0.208482    -0.392204     5.326808    -0.777708
    1.679529     1.939427     1.585984     0.630337     7.280221    -0.105470    -0.226525     3.274042    -0.626435
    0.646717     0.735672     0.630337     0.314970     2.866962    -0.014009     0.033055     1.145981    -0.152654
    8.756253    10.805206     7.280221     2.866962    43.771298    -0.646032    -0.856324    19.997370    -2.364752
   -0.175545    -0.208482    -0.105470    -0.014009    -0.646032     0.207666     0.466487    -0.495508     0.591354
   -0.283868    -0.392204    -0.226525     0.033055    -0.856324     0.466487     8.128093    -0.837316     1.904224
    4.259350     5.326808     3.274042     1.145981    19.997370    -0.495508    -0.837316    11.172089    -1.503496
   -0.665537    -0.777708    -0.626435    -0.152654    -2.364752     0.591354     1.904224    -1.503496     4.736957
